{
 "cells": [
  {
   "cell_type": "markdown",
   "metadata": {},
   "source": [
    "## Chronic Kidney Disease (CKD) with 100% Accuracy"
   ]
  },
  {
   "cell_type": "markdown",
   "metadata": {},
   "source": [
    "**Real-world problem**: Develop a medical diagnosis test that is better than our current diagnosis system for CKD.\n",
    "\n",
    "**Data science problem**: Develop a medical diagnosis test that reduces both the number of false positives and the number of false negatives."
   ]
  },
  {
   "cell_type": "markdown",
   "metadata": {},
   "source": [
    "**1. Title:** Early stage of Indians Chronic Kidney Disease(CKD)\n",
    "\n",
    "**2. Relevant Information:**\n",
    "\n",
    "    1. age          -\tage\t\n",
    "    2. bp\t\t-\tblood pressure\n",
    "\t3. sg\t\t-\tspecific gravity\n",
    "\t4. al\t\t-   albumin\n",
    "\t5. su\t\t-\tsugar\n",
    "\t6. rbc\t\t-\tred blood cells\n",
    "\t7. pc\t\t-\tpus cell\n",
    "\t8. pcc\t\t-\tpus cell clumps\n",
    "\t9. ba\t\t-\tbacteria\n",
    "\t10. bgr\t\t-\tblood glucose random\n",
    "\t11. bu\t\t-\tblood urea\n",
    "\t12. sc\t\t-\tserum creatinine\n",
    "\t13. sod\t\t-\tsodium\n",
    "\t14. pot\t\t-\tpotassium\n",
    "\t15. hemo\t-\themoglobin\n",
    "\t16. pcv\t\t-\tpacked cell volume\n",
    "\t17. wc\t\t-\twhite blood cell count\n",
    "\t18. rc\t\t-\tred blood cell count\n",
    "\t19. htn\t\t-\thypertension\n",
    "\t20. dm\t\t-\tdiabetes mellitus\n",
    "\t21. cad\t\t-\tcoronary artery disease\n",
    "\t22. appet\t-\tappetite\n",
    "\t23. pe\t\t-\tpedal edema\n",
    "\t24. ane\t\t-\tanemia\n",
    "\t25. class\t-\tclass\t\n",
    "\n",
    "**3. Number of Instances:**  400 (250 CKD, 150 notckd)\n",
    "\n",
    "**4. Number of Attributes:** 24 + class = 25(11 numeric,14 nominal) \n",
    "\n",
    "**5. Attribute Information :**\n",
    "\n",
    "\t1. Age(numerical) : age in years\n",
    "\t2. Blood Pressure(numerical) : bp in mm/Hg\n",
    "\t3. Specific Gravity(nominal) : sg - (1.005,1.010,1.015,1.020,1.025)\n",
    "\t4. Albumin(nominal) : al - (0,1,2,3,4,5)\n",
    "\t5. Sugar(nominal) : su - (0,1,2,3,4,5)\n",
    "\t6. Red Blood Cells(nominal) : rbc - (normal,abnormal)\n",
    "\t7. Pus Cell (nominal) : pc - (normal,abnormal)\n",
    "\t8. Pus Cell clumps(nominal) : pcc - (present,notpresent)\n",
    "\t9. Bacteria(nominal) : ba  - (present,notpresent)\n",
    "\t10. Blood Glucose Random(numerical) : bgr in mgs/dl\n",
    "\t11. Blood Urea(numerical) : bu in mgs/dl\n",
    "\t12. Serum Creatinine(numerical) : sc in mgs/dl\n",
    "\t13. Sodium(numerical) : sod in mEq/L\n",
    "\t14. Potassium(numerical) : pot in mEq/L\n",
    "\t15. Hemoglobin(numerical) : hemo in gms\n",
    "\t16. Packed  Cell Volume(numerical)\n",
    "\t17. White Blood Cell Count(numerical) : wc in cells/cumm\n",
    "\t18. Red Blood Cell Count(numerical) : rc in millions/cmm\n",
    "\t19. Hypertension(nominal) : htn - (yes,no)\n",
    "\t20. Diabetes Mellitus(nominal) : dm - (yes,no)\n",
    "\t21. Coronary Artery Disease(nominal) : cad - (yes,no)\n",
    "\t22. Appetite(nominal) : appet - (good,poor)\n",
    "\t23. Pedal Edema(nominal) : pe - (yes,no)\t\n",
    "\t24. Anemia(nominal) : ane- (yes,no)\n",
    "\t25. Class (nominal):  class- (ckd,notckd)\n",
    "    \n",
    "\n",
    "**6. Missing Attribute Values:** Yes\n",
    "\n",
    "**7. Class Distribution:** ( 2 classes)\n",
    "\n",
    "   \t\tClass \t  Number of instances\n",
    "   \t\tckd          \t  250\n",
    "   \t\tnotckd       \t  150"
   ]
  },
  {
   "cell_type": "code",
   "execution_count": 1,
   "metadata": {},
   "outputs": [],
   "source": [
    "import pandas as pd\n",
    "import numpy as np\n",
    "import matplotlib.pyplot as plt\n",
    "from sklearn.model_selection import GridSearchCV, train_test_split, cross_val_score\n",
    "from sklearn.preprocessing import StandardScaler\n",
    "from sklearn.metrics import r2_score\n",
    "import scipy.stats as stats\n",
    "import seaborn as sns\n",
    "\n",
    "%matplotlib inline"
   ]
  },
  {
   "cell_type": "code",
   "execution_count": 2,
   "metadata": {},
   "outputs": [],
   "source": [
    "df = pd.read_csv('kidney.csv')\n",
    "data = df"
   ]
  },
  {
   "cell_type": "code",
   "execution_count": 3,
   "metadata": {},
   "outputs": [
    {
     "data": {
      "text/plain": [
       "(400, 25)"
      ]
     },
     "execution_count": 3,
     "metadata": {},
     "output_type": "execute_result"
    }
   ],
   "source": [
    "df.shape"
   ]
  },
  {
   "cell_type": "code",
   "execution_count": 4,
   "metadata": {},
   "outputs": [
    {
     "data": {
      "text/html": [
       "<div>\n",
       "<style scoped>\n",
       "    .dataframe tbody tr th:only-of-type {\n",
       "        vertical-align: middle;\n",
       "    }\n",
       "\n",
       "    .dataframe tbody tr th {\n",
       "        vertical-align: top;\n",
       "    }\n",
       "\n",
       "    .dataframe thead th {\n",
       "        text-align: right;\n",
       "    }\n",
       "</style>\n",
       "<table border=\"1\" class=\"dataframe\">\n",
       "  <thead>\n",
       "    <tr style=\"text-align: right;\">\n",
       "      <th></th>\n",
       "      <th>age</th>\n",
       "      <th>bp</th>\n",
       "      <th>sg</th>\n",
       "      <th>al</th>\n",
       "      <th>su</th>\n",
       "      <th>rbc</th>\n",
       "      <th>pc</th>\n",
       "      <th>pcc</th>\n",
       "      <th>ba</th>\n",
       "      <th>bgr</th>\n",
       "      <th>...</th>\n",
       "      <th>pcv</th>\n",
       "      <th>wbcc</th>\n",
       "      <th>rbcc</th>\n",
       "      <th>htn</th>\n",
       "      <th>dm</th>\n",
       "      <th>cad</th>\n",
       "      <th>appet</th>\n",
       "      <th>pe</th>\n",
       "      <th>ane</th>\n",
       "      <th>class</th>\n",
       "    </tr>\n",
       "  </thead>\n",
       "  <tbody>\n",
       "    <tr>\n",
       "      <th>0</th>\n",
       "      <td>48.0</td>\n",
       "      <td>80.0</td>\n",
       "      <td>1.020</td>\n",
       "      <td>1.0</td>\n",
       "      <td>0.0</td>\n",
       "      <td>NaN</td>\n",
       "      <td>normal</td>\n",
       "      <td>notpresent</td>\n",
       "      <td>notpresent</td>\n",
       "      <td>121.0</td>\n",
       "      <td>...</td>\n",
       "      <td>44.0</td>\n",
       "      <td>7800.0</td>\n",
       "      <td>5.2</td>\n",
       "      <td>yes</td>\n",
       "      <td>yes</td>\n",
       "      <td>no</td>\n",
       "      <td>good</td>\n",
       "      <td>no</td>\n",
       "      <td>no</td>\n",
       "      <td>ckd</td>\n",
       "    </tr>\n",
       "    <tr>\n",
       "      <th>1</th>\n",
       "      <td>7.0</td>\n",
       "      <td>50.0</td>\n",
       "      <td>1.020</td>\n",
       "      <td>4.0</td>\n",
       "      <td>0.0</td>\n",
       "      <td>NaN</td>\n",
       "      <td>normal</td>\n",
       "      <td>notpresent</td>\n",
       "      <td>notpresent</td>\n",
       "      <td>NaN</td>\n",
       "      <td>...</td>\n",
       "      <td>38.0</td>\n",
       "      <td>6000.0</td>\n",
       "      <td>NaN</td>\n",
       "      <td>no</td>\n",
       "      <td>no</td>\n",
       "      <td>no</td>\n",
       "      <td>good</td>\n",
       "      <td>no</td>\n",
       "      <td>no</td>\n",
       "      <td>ckd</td>\n",
       "    </tr>\n",
       "    <tr>\n",
       "      <th>2</th>\n",
       "      <td>62.0</td>\n",
       "      <td>80.0</td>\n",
       "      <td>1.010</td>\n",
       "      <td>2.0</td>\n",
       "      <td>3.0</td>\n",
       "      <td>normal</td>\n",
       "      <td>normal</td>\n",
       "      <td>notpresent</td>\n",
       "      <td>notpresent</td>\n",
       "      <td>423.0</td>\n",
       "      <td>...</td>\n",
       "      <td>31.0</td>\n",
       "      <td>7500.0</td>\n",
       "      <td>NaN</td>\n",
       "      <td>no</td>\n",
       "      <td>yes</td>\n",
       "      <td>no</td>\n",
       "      <td>poor</td>\n",
       "      <td>no</td>\n",
       "      <td>yes</td>\n",
       "      <td>ckd</td>\n",
       "    </tr>\n",
       "    <tr>\n",
       "      <th>3</th>\n",
       "      <td>48.0</td>\n",
       "      <td>70.0</td>\n",
       "      <td>1.005</td>\n",
       "      <td>4.0</td>\n",
       "      <td>0.0</td>\n",
       "      <td>normal</td>\n",
       "      <td>abnormal</td>\n",
       "      <td>present</td>\n",
       "      <td>notpresent</td>\n",
       "      <td>117.0</td>\n",
       "      <td>...</td>\n",
       "      <td>32.0</td>\n",
       "      <td>6700.0</td>\n",
       "      <td>3.9</td>\n",
       "      <td>yes</td>\n",
       "      <td>no</td>\n",
       "      <td>no</td>\n",
       "      <td>poor</td>\n",
       "      <td>yes</td>\n",
       "      <td>yes</td>\n",
       "      <td>ckd</td>\n",
       "    </tr>\n",
       "    <tr>\n",
       "      <th>4</th>\n",
       "      <td>51.0</td>\n",
       "      <td>80.0</td>\n",
       "      <td>1.010</td>\n",
       "      <td>2.0</td>\n",
       "      <td>0.0</td>\n",
       "      <td>normal</td>\n",
       "      <td>normal</td>\n",
       "      <td>notpresent</td>\n",
       "      <td>notpresent</td>\n",
       "      <td>106.0</td>\n",
       "      <td>...</td>\n",
       "      <td>35.0</td>\n",
       "      <td>7300.0</td>\n",
       "      <td>4.6</td>\n",
       "      <td>no</td>\n",
       "      <td>no</td>\n",
       "      <td>no</td>\n",
       "      <td>good</td>\n",
       "      <td>no</td>\n",
       "      <td>no</td>\n",
       "      <td>ckd</td>\n",
       "    </tr>\n",
       "  </tbody>\n",
       "</table>\n",
       "<p>5 rows × 25 columns</p>\n",
       "</div>"
      ],
      "text/plain": [
       "    age    bp     sg   al   su     rbc        pc         pcc          ba  \\\n",
       "0  48.0  80.0  1.020  1.0  0.0     NaN    normal  notpresent  notpresent   \n",
       "1   7.0  50.0  1.020  4.0  0.0     NaN    normal  notpresent  notpresent   \n",
       "2  62.0  80.0  1.010  2.0  3.0  normal    normal  notpresent  notpresent   \n",
       "3  48.0  70.0  1.005  4.0  0.0  normal  abnormal     present  notpresent   \n",
       "4  51.0  80.0  1.010  2.0  0.0  normal    normal  notpresent  notpresent   \n",
       "\n",
       "     bgr  ...   pcv    wbcc  rbcc  htn   dm  cad  appet   pe  ane class  \n",
       "0  121.0  ...  44.0  7800.0   5.2  yes  yes   no   good   no   no   ckd  \n",
       "1    NaN  ...  38.0  6000.0   NaN   no   no   no   good   no   no   ckd  \n",
       "2  423.0  ...  31.0  7500.0   NaN   no  yes   no   poor   no  yes   ckd  \n",
       "3  117.0  ...  32.0  6700.0   3.9  yes   no   no   poor  yes  yes   ckd  \n",
       "4  106.0  ...  35.0  7300.0   4.6   no   no   no   good   no   no   ckd  \n",
       "\n",
       "[5 rows x 25 columns]"
      ]
     },
     "execution_count": 4,
     "metadata": {},
     "output_type": "execute_result"
    }
   ],
   "source": [
    "data.head()"
   ]
  },
  {
   "cell_type": "markdown",
   "metadata": {},
   "source": [
    "## Data Preprocessing"
   ]
  },
  {
   "cell_type": "code",
   "execution_count": 5,
   "metadata": {},
   "outputs": [
    {
     "name": "stdout",
     "output_type": "stream",
     "text": [
      "<class 'pandas.core.frame.DataFrame'>\n",
      "RangeIndex: 400 entries, 0 to 399\n",
      "Data columns (total 25 columns):\n",
      " #   Column  Non-Null Count  Dtype  \n",
      "---  ------  --------------  -----  \n",
      " 0   age     391 non-null    float64\n",
      " 1   bp      388 non-null    float64\n",
      " 2   sg      353 non-null    float64\n",
      " 3   al      354 non-null    float64\n",
      " 4   su      351 non-null    float64\n",
      " 5   rbc     248 non-null    object \n",
      " 6   pc      335 non-null    object \n",
      " 7   pcc     396 non-null    object \n",
      " 8   ba      396 non-null    object \n",
      " 9   bgr     356 non-null    float64\n",
      " 10  bu      381 non-null    float64\n",
      " 11  sc      383 non-null    float64\n",
      " 12  sod     313 non-null    float64\n",
      " 13  pot     312 non-null    float64\n",
      " 14  hemo    348 non-null    float64\n",
      " 15  pcv     329 non-null    float64\n",
      " 16  wbcc    294 non-null    float64\n",
      " 17  rbcc    269 non-null    float64\n",
      " 18  htn     398 non-null    object \n",
      " 19  dm      398 non-null    object \n",
      " 20  cad     398 non-null    object \n",
      " 21  appet   399 non-null    object \n",
      " 22  pe      399 non-null    object \n",
      " 23  ane     399 non-null    object \n",
      " 24  class   400 non-null    object \n",
      "dtypes: float64(14), object(11)\n",
      "memory usage: 78.2+ KB\n"
     ]
    }
   ],
   "source": [
    "df.info()"
   ]
  },
  {
   "cell_type": "code",
   "execution_count": 6,
   "metadata": {},
   "outputs": [
    {
     "data": {
      "text/html": [
       "<div>\n",
       "<style scoped>\n",
       "    .dataframe tbody tr th:only-of-type {\n",
       "        vertical-align: middle;\n",
       "    }\n",
       "\n",
       "    .dataframe tbody tr th {\n",
       "        vertical-align: top;\n",
       "    }\n",
       "\n",
       "    .dataframe thead th {\n",
       "        text-align: right;\n",
       "    }\n",
       "</style>\n",
       "<table border=\"1\" class=\"dataframe\">\n",
       "  <thead>\n",
       "    <tr style=\"text-align: right;\">\n",
       "      <th></th>\n",
       "      <th>age</th>\n",
       "      <th>bp</th>\n",
       "      <th>sg</th>\n",
       "      <th>al</th>\n",
       "      <th>su</th>\n",
       "      <th>bgr</th>\n",
       "      <th>bu</th>\n",
       "      <th>sc</th>\n",
       "      <th>sod</th>\n",
       "      <th>pot</th>\n",
       "      <th>hemo</th>\n",
       "      <th>pcv</th>\n",
       "      <th>wbcc</th>\n",
       "      <th>rbcc</th>\n",
       "    </tr>\n",
       "  </thead>\n",
       "  <tbody>\n",
       "    <tr>\n",
       "      <th>count</th>\n",
       "      <td>391.000000</td>\n",
       "      <td>388.000000</td>\n",
       "      <td>353.000000</td>\n",
       "      <td>354.000000</td>\n",
       "      <td>351.000000</td>\n",
       "      <td>356.000000</td>\n",
       "      <td>381.000000</td>\n",
       "      <td>383.000000</td>\n",
       "      <td>313.000000</td>\n",
       "      <td>312.000000</td>\n",
       "      <td>348.000000</td>\n",
       "      <td>329.000000</td>\n",
       "      <td>294.000000</td>\n",
       "      <td>269.000000</td>\n",
       "    </tr>\n",
       "    <tr>\n",
       "      <th>mean</th>\n",
       "      <td>51.483376</td>\n",
       "      <td>76.469072</td>\n",
       "      <td>1.017408</td>\n",
       "      <td>1.016949</td>\n",
       "      <td>0.450142</td>\n",
       "      <td>148.036517</td>\n",
       "      <td>57.425722</td>\n",
       "      <td>3.072454</td>\n",
       "      <td>137.528754</td>\n",
       "      <td>4.627244</td>\n",
       "      <td>12.526437</td>\n",
       "      <td>38.884498</td>\n",
       "      <td>8406.122449</td>\n",
       "      <td>4.707435</td>\n",
       "    </tr>\n",
       "    <tr>\n",
       "      <th>std</th>\n",
       "      <td>17.169714</td>\n",
       "      <td>13.683637</td>\n",
       "      <td>0.005717</td>\n",
       "      <td>1.352679</td>\n",
       "      <td>1.099191</td>\n",
       "      <td>79.281714</td>\n",
       "      <td>50.503006</td>\n",
       "      <td>5.741126</td>\n",
       "      <td>10.408752</td>\n",
       "      <td>3.193904</td>\n",
       "      <td>2.912587</td>\n",
       "      <td>8.990105</td>\n",
       "      <td>2944.474190</td>\n",
       "      <td>1.025323</td>\n",
       "    </tr>\n",
       "    <tr>\n",
       "      <th>min</th>\n",
       "      <td>2.000000</td>\n",
       "      <td>50.000000</td>\n",
       "      <td>1.005000</td>\n",
       "      <td>0.000000</td>\n",
       "      <td>0.000000</td>\n",
       "      <td>22.000000</td>\n",
       "      <td>1.500000</td>\n",
       "      <td>0.400000</td>\n",
       "      <td>4.500000</td>\n",
       "      <td>2.500000</td>\n",
       "      <td>3.100000</td>\n",
       "      <td>9.000000</td>\n",
       "      <td>2200.000000</td>\n",
       "      <td>2.100000</td>\n",
       "    </tr>\n",
       "    <tr>\n",
       "      <th>25%</th>\n",
       "      <td>42.000000</td>\n",
       "      <td>70.000000</td>\n",
       "      <td>1.010000</td>\n",
       "      <td>0.000000</td>\n",
       "      <td>0.000000</td>\n",
       "      <td>99.000000</td>\n",
       "      <td>27.000000</td>\n",
       "      <td>0.900000</td>\n",
       "      <td>135.000000</td>\n",
       "      <td>3.800000</td>\n",
       "      <td>10.300000</td>\n",
       "      <td>32.000000</td>\n",
       "      <td>6500.000000</td>\n",
       "      <td>3.900000</td>\n",
       "    </tr>\n",
       "    <tr>\n",
       "      <th>50%</th>\n",
       "      <td>55.000000</td>\n",
       "      <td>80.000000</td>\n",
       "      <td>1.020000</td>\n",
       "      <td>0.000000</td>\n",
       "      <td>0.000000</td>\n",
       "      <td>121.000000</td>\n",
       "      <td>42.000000</td>\n",
       "      <td>1.300000</td>\n",
       "      <td>138.000000</td>\n",
       "      <td>4.400000</td>\n",
       "      <td>12.650000</td>\n",
       "      <td>40.000000</td>\n",
       "      <td>8000.000000</td>\n",
       "      <td>4.800000</td>\n",
       "    </tr>\n",
       "    <tr>\n",
       "      <th>75%</th>\n",
       "      <td>64.500000</td>\n",
       "      <td>80.000000</td>\n",
       "      <td>1.020000</td>\n",
       "      <td>2.000000</td>\n",
       "      <td>0.000000</td>\n",
       "      <td>163.000000</td>\n",
       "      <td>66.000000</td>\n",
       "      <td>2.800000</td>\n",
       "      <td>142.000000</td>\n",
       "      <td>4.900000</td>\n",
       "      <td>15.000000</td>\n",
       "      <td>45.000000</td>\n",
       "      <td>9800.000000</td>\n",
       "      <td>5.400000</td>\n",
       "    </tr>\n",
       "    <tr>\n",
       "      <th>max</th>\n",
       "      <td>90.000000</td>\n",
       "      <td>180.000000</td>\n",
       "      <td>1.025000</td>\n",
       "      <td>5.000000</td>\n",
       "      <td>5.000000</td>\n",
       "      <td>490.000000</td>\n",
       "      <td>391.000000</td>\n",
       "      <td>76.000000</td>\n",
       "      <td>163.000000</td>\n",
       "      <td>47.000000</td>\n",
       "      <td>17.800000</td>\n",
       "      <td>54.000000</td>\n",
       "      <td>26400.000000</td>\n",
       "      <td>8.000000</td>\n",
       "    </tr>\n",
       "  </tbody>\n",
       "</table>\n",
       "</div>"
      ],
      "text/plain": [
       "              age          bp          sg          al          su         bgr  \\\n",
       "count  391.000000  388.000000  353.000000  354.000000  351.000000  356.000000   \n",
       "mean    51.483376   76.469072    1.017408    1.016949    0.450142  148.036517   \n",
       "std     17.169714   13.683637    0.005717    1.352679    1.099191   79.281714   \n",
       "min      2.000000   50.000000    1.005000    0.000000    0.000000   22.000000   \n",
       "25%     42.000000   70.000000    1.010000    0.000000    0.000000   99.000000   \n",
       "50%     55.000000   80.000000    1.020000    0.000000    0.000000  121.000000   \n",
       "75%     64.500000   80.000000    1.020000    2.000000    0.000000  163.000000   \n",
       "max     90.000000  180.000000    1.025000    5.000000    5.000000  490.000000   \n",
       "\n",
       "               bu          sc         sod         pot        hemo         pcv  \\\n",
       "count  381.000000  383.000000  313.000000  312.000000  348.000000  329.000000   \n",
       "mean    57.425722    3.072454  137.528754    4.627244   12.526437   38.884498   \n",
       "std     50.503006    5.741126   10.408752    3.193904    2.912587    8.990105   \n",
       "min      1.500000    0.400000    4.500000    2.500000    3.100000    9.000000   \n",
       "25%     27.000000    0.900000  135.000000    3.800000   10.300000   32.000000   \n",
       "50%     42.000000    1.300000  138.000000    4.400000   12.650000   40.000000   \n",
       "75%     66.000000    2.800000  142.000000    4.900000   15.000000   45.000000   \n",
       "max    391.000000   76.000000  163.000000   47.000000   17.800000   54.000000   \n",
       "\n",
       "               wbcc        rbcc  \n",
       "count    294.000000  269.000000  \n",
       "mean    8406.122449    4.707435  \n",
       "std     2944.474190    1.025323  \n",
       "min     2200.000000    2.100000  \n",
       "25%     6500.000000    3.900000  \n",
       "50%     8000.000000    4.800000  \n",
       "75%     9800.000000    5.400000  \n",
       "max    26400.000000    8.000000  "
      ]
     },
     "execution_count": 6,
     "metadata": {},
     "output_type": "execute_result"
    }
   ],
   "source": [
    "df.describe()"
   ]
  },
  {
   "cell_type": "code",
   "execution_count": 7,
   "metadata": {},
   "outputs": [
    {
     "data": {
      "text/plain": [
       "age        9\n",
       "bp        12\n",
       "sg        47\n",
       "al        46\n",
       "su        49\n",
       "rbc      152\n",
       "pc        65\n",
       "pcc        4\n",
       "ba         4\n",
       "bgr       44\n",
       "bu        19\n",
       "sc        17\n",
       "sod       87\n",
       "pot       88\n",
       "hemo      52\n",
       "pcv       71\n",
       "wbcc     106\n",
       "rbcc     131\n",
       "htn        2\n",
       "dm         2\n",
       "cad        2\n",
       "appet      1\n",
       "pe         1\n",
       "ane        1\n",
       "class      0\n",
       "dtype: int64"
      ]
     },
     "execution_count": 7,
     "metadata": {},
     "output_type": "execute_result"
    }
   ],
   "source": [
    "df.isna().sum()"
   ]
  },
  {
   "cell_type": "markdown",
   "metadata": {
    "id": "3LfgNp18lqSW"
   },
   "source": [
    "### Correlation matrix & Matrix Visualisation"
   ]
  },
  {
   "cell_type": "code",
   "execution_count": 8,
   "metadata": {
    "id": "cuQ1biNAlqSW",
    "scrolled": true
   },
   "outputs": [
    {
     "data": {
      "text/html": [
       "<div>\n",
       "<style scoped>\n",
       "    .dataframe tbody tr th:only-of-type {\n",
       "        vertical-align: middle;\n",
       "    }\n",
       "\n",
       "    .dataframe tbody tr th {\n",
       "        vertical-align: top;\n",
       "    }\n",
       "\n",
       "    .dataframe thead th {\n",
       "        text-align: right;\n",
       "    }\n",
       "</style>\n",
       "<table border=\"1\" class=\"dataframe\">\n",
       "  <thead>\n",
       "    <tr style=\"text-align: right;\">\n",
       "      <th></th>\n",
       "      <th>age</th>\n",
       "      <th>bp</th>\n",
       "      <th>sg</th>\n",
       "      <th>al</th>\n",
       "      <th>su</th>\n",
       "      <th>bgr</th>\n",
       "      <th>bu</th>\n",
       "      <th>sc</th>\n",
       "      <th>sod</th>\n",
       "      <th>pot</th>\n",
       "      <th>hemo</th>\n",
       "      <th>pcv</th>\n",
       "      <th>wbcc</th>\n",
       "      <th>rbcc</th>\n",
       "    </tr>\n",
       "  </thead>\n",
       "  <tbody>\n",
       "    <tr>\n",
       "      <th>age</th>\n",
       "      <td>1.000000</td>\n",
       "      <td>0.159480</td>\n",
       "      <td>-0.191096</td>\n",
       "      <td>0.122091</td>\n",
       "      <td>0.220866</td>\n",
       "      <td>0.244992</td>\n",
       "      <td>0.196985</td>\n",
       "      <td>0.132531</td>\n",
       "      <td>-0.100046</td>\n",
       "      <td>0.058377</td>\n",
       "      <td>-0.192928</td>\n",
       "      <td>-0.242119</td>\n",
       "      <td>0.118339</td>\n",
       "      <td>-0.268896</td>\n",
       "    </tr>\n",
       "    <tr>\n",
       "      <th>bp</th>\n",
       "      <td>0.159480</td>\n",
       "      <td>1.000000</td>\n",
       "      <td>-0.218836</td>\n",
       "      <td>0.160689</td>\n",
       "      <td>0.222576</td>\n",
       "      <td>0.160193</td>\n",
       "      <td>0.188517</td>\n",
       "      <td>0.146222</td>\n",
       "      <td>-0.116422</td>\n",
       "      <td>0.075151</td>\n",
       "      <td>-0.306540</td>\n",
       "      <td>-0.326319</td>\n",
       "      <td>0.029753</td>\n",
       "      <td>-0.261936</td>\n",
       "    </tr>\n",
       "    <tr>\n",
       "      <th>sg</th>\n",
       "      <td>-0.191096</td>\n",
       "      <td>-0.218836</td>\n",
       "      <td>1.000000</td>\n",
       "      <td>-0.469760</td>\n",
       "      <td>-0.296234</td>\n",
       "      <td>-0.374710</td>\n",
       "      <td>-0.314295</td>\n",
       "      <td>-0.361473</td>\n",
       "      <td>0.412190</td>\n",
       "      <td>-0.072787</td>\n",
       "      <td>0.602582</td>\n",
       "      <td>0.603560</td>\n",
       "      <td>-0.236215</td>\n",
       "      <td>0.579476</td>\n",
       "    </tr>\n",
       "    <tr>\n",
       "      <th>al</th>\n",
       "      <td>0.122091</td>\n",
       "      <td>0.160689</td>\n",
       "      <td>-0.469760</td>\n",
       "      <td>1.000000</td>\n",
       "      <td>0.269305</td>\n",
       "      <td>0.379464</td>\n",
       "      <td>0.453528</td>\n",
       "      <td>0.399198</td>\n",
       "      <td>-0.459896</td>\n",
       "      <td>0.129038</td>\n",
       "      <td>-0.634632</td>\n",
       "      <td>-0.611891</td>\n",
       "      <td>0.231989</td>\n",
       "      <td>-0.566437</td>\n",
       "    </tr>\n",
       "    <tr>\n",
       "      <th>su</th>\n",
       "      <td>0.220866</td>\n",
       "      <td>0.222576</td>\n",
       "      <td>-0.296234</td>\n",
       "      <td>0.269305</td>\n",
       "      <td>1.000000</td>\n",
       "      <td>0.717827</td>\n",
       "      <td>0.168583</td>\n",
       "      <td>0.223244</td>\n",
       "      <td>-0.131776</td>\n",
       "      <td>0.219450</td>\n",
       "      <td>-0.224775</td>\n",
       "      <td>-0.239189</td>\n",
       "      <td>0.184893</td>\n",
       "      <td>-0.237448</td>\n",
       "    </tr>\n",
       "    <tr>\n",
       "      <th>bgr</th>\n",
       "      <td>0.244992</td>\n",
       "      <td>0.160193</td>\n",
       "      <td>-0.374710</td>\n",
       "      <td>0.379464</td>\n",
       "      <td>0.717827</td>\n",
       "      <td>1.000000</td>\n",
       "      <td>0.143322</td>\n",
       "      <td>0.114875</td>\n",
       "      <td>-0.267848</td>\n",
       "      <td>0.066966</td>\n",
       "      <td>-0.306189</td>\n",
       "      <td>-0.301385</td>\n",
       "      <td>0.150015</td>\n",
       "      <td>-0.281541</td>\n",
       "    </tr>\n",
       "    <tr>\n",
       "      <th>bu</th>\n",
       "      <td>0.196985</td>\n",
       "      <td>0.188517</td>\n",
       "      <td>-0.314295</td>\n",
       "      <td>0.453528</td>\n",
       "      <td>0.168583</td>\n",
       "      <td>0.143322</td>\n",
       "      <td>1.000000</td>\n",
       "      <td>0.586368</td>\n",
       "      <td>-0.323054</td>\n",
       "      <td>0.357049</td>\n",
       "      <td>-0.610360</td>\n",
       "      <td>-0.607621</td>\n",
       "      <td>0.050462</td>\n",
       "      <td>-0.579087</td>\n",
       "    </tr>\n",
       "    <tr>\n",
       "      <th>sc</th>\n",
       "      <td>0.132531</td>\n",
       "      <td>0.146222</td>\n",
       "      <td>-0.361473</td>\n",
       "      <td>0.399198</td>\n",
       "      <td>0.223244</td>\n",
       "      <td>0.114875</td>\n",
       "      <td>0.586368</td>\n",
       "      <td>1.000000</td>\n",
       "      <td>-0.690158</td>\n",
       "      <td>0.326107</td>\n",
       "      <td>-0.401670</td>\n",
       "      <td>-0.404193</td>\n",
       "      <td>-0.006390</td>\n",
       "      <td>-0.400852</td>\n",
       "    </tr>\n",
       "    <tr>\n",
       "      <th>sod</th>\n",
       "      <td>-0.100046</td>\n",
       "      <td>-0.116422</td>\n",
       "      <td>0.412190</td>\n",
       "      <td>-0.459896</td>\n",
       "      <td>-0.131776</td>\n",
       "      <td>-0.267848</td>\n",
       "      <td>-0.323054</td>\n",
       "      <td>-0.690158</td>\n",
       "      <td>1.000000</td>\n",
       "      <td>0.097887</td>\n",
       "      <td>0.365183</td>\n",
       "      <td>0.376914</td>\n",
       "      <td>0.007277</td>\n",
       "      <td>0.344873</td>\n",
       "    </tr>\n",
       "    <tr>\n",
       "      <th>pot</th>\n",
       "      <td>0.058377</td>\n",
       "      <td>0.075151</td>\n",
       "      <td>-0.072787</td>\n",
       "      <td>0.129038</td>\n",
       "      <td>0.219450</td>\n",
       "      <td>0.066966</td>\n",
       "      <td>0.357049</td>\n",
       "      <td>0.326107</td>\n",
       "      <td>0.097887</td>\n",
       "      <td>1.000000</td>\n",
       "      <td>-0.133746</td>\n",
       "      <td>-0.163182</td>\n",
       "      <td>-0.105576</td>\n",
       "      <td>-0.158309</td>\n",
       "    </tr>\n",
       "    <tr>\n",
       "      <th>hemo</th>\n",
       "      <td>-0.192928</td>\n",
       "      <td>-0.306540</td>\n",
       "      <td>0.602582</td>\n",
       "      <td>-0.634632</td>\n",
       "      <td>-0.224775</td>\n",
       "      <td>-0.306189</td>\n",
       "      <td>-0.610360</td>\n",
       "      <td>-0.401670</td>\n",
       "      <td>0.365183</td>\n",
       "      <td>-0.133746</td>\n",
       "      <td>1.000000</td>\n",
       "      <td>0.895382</td>\n",
       "      <td>-0.169413</td>\n",
       "      <td>0.798880</td>\n",
       "    </tr>\n",
       "    <tr>\n",
       "      <th>pcv</th>\n",
       "      <td>-0.242119</td>\n",
       "      <td>-0.326319</td>\n",
       "      <td>0.603560</td>\n",
       "      <td>-0.611891</td>\n",
       "      <td>-0.239189</td>\n",
       "      <td>-0.301385</td>\n",
       "      <td>-0.607621</td>\n",
       "      <td>-0.404193</td>\n",
       "      <td>0.376914</td>\n",
       "      <td>-0.163182</td>\n",
       "      <td>0.895382</td>\n",
       "      <td>1.000000</td>\n",
       "      <td>-0.197022</td>\n",
       "      <td>0.791625</td>\n",
       "    </tr>\n",
       "    <tr>\n",
       "      <th>wbcc</th>\n",
       "      <td>0.118339</td>\n",
       "      <td>0.029753</td>\n",
       "      <td>-0.236215</td>\n",
       "      <td>0.231989</td>\n",
       "      <td>0.184893</td>\n",
       "      <td>0.150015</td>\n",
       "      <td>0.050462</td>\n",
       "      <td>-0.006390</td>\n",
       "      <td>0.007277</td>\n",
       "      <td>-0.105576</td>\n",
       "      <td>-0.169413</td>\n",
       "      <td>-0.197022</td>\n",
       "      <td>1.000000</td>\n",
       "      <td>-0.158163</td>\n",
       "    </tr>\n",
       "    <tr>\n",
       "      <th>rbcc</th>\n",
       "      <td>-0.268896</td>\n",
       "      <td>-0.261936</td>\n",
       "      <td>0.579476</td>\n",
       "      <td>-0.566437</td>\n",
       "      <td>-0.237448</td>\n",
       "      <td>-0.281541</td>\n",
       "      <td>-0.579087</td>\n",
       "      <td>-0.400852</td>\n",
       "      <td>0.344873</td>\n",
       "      <td>-0.158309</td>\n",
       "      <td>0.798880</td>\n",
       "      <td>0.791625</td>\n",
       "      <td>-0.158163</td>\n",
       "      <td>1.000000</td>\n",
       "    </tr>\n",
       "  </tbody>\n",
       "</table>\n",
       "</div>"
      ],
      "text/plain": [
       "           age        bp        sg        al        su       bgr        bu  \\\n",
       "age   1.000000  0.159480 -0.191096  0.122091  0.220866  0.244992  0.196985   \n",
       "bp    0.159480  1.000000 -0.218836  0.160689  0.222576  0.160193  0.188517   \n",
       "sg   -0.191096 -0.218836  1.000000 -0.469760 -0.296234 -0.374710 -0.314295   \n",
       "al    0.122091  0.160689 -0.469760  1.000000  0.269305  0.379464  0.453528   \n",
       "su    0.220866  0.222576 -0.296234  0.269305  1.000000  0.717827  0.168583   \n",
       "bgr   0.244992  0.160193 -0.374710  0.379464  0.717827  1.000000  0.143322   \n",
       "bu    0.196985  0.188517 -0.314295  0.453528  0.168583  0.143322  1.000000   \n",
       "sc    0.132531  0.146222 -0.361473  0.399198  0.223244  0.114875  0.586368   \n",
       "sod  -0.100046 -0.116422  0.412190 -0.459896 -0.131776 -0.267848 -0.323054   \n",
       "pot   0.058377  0.075151 -0.072787  0.129038  0.219450  0.066966  0.357049   \n",
       "hemo -0.192928 -0.306540  0.602582 -0.634632 -0.224775 -0.306189 -0.610360   \n",
       "pcv  -0.242119 -0.326319  0.603560 -0.611891 -0.239189 -0.301385 -0.607621   \n",
       "wbcc  0.118339  0.029753 -0.236215  0.231989  0.184893  0.150015  0.050462   \n",
       "rbcc -0.268896 -0.261936  0.579476 -0.566437 -0.237448 -0.281541 -0.579087   \n",
       "\n",
       "            sc       sod       pot      hemo       pcv      wbcc      rbcc  \n",
       "age   0.132531 -0.100046  0.058377 -0.192928 -0.242119  0.118339 -0.268896  \n",
       "bp    0.146222 -0.116422  0.075151 -0.306540 -0.326319  0.029753 -0.261936  \n",
       "sg   -0.361473  0.412190 -0.072787  0.602582  0.603560 -0.236215  0.579476  \n",
       "al    0.399198 -0.459896  0.129038 -0.634632 -0.611891  0.231989 -0.566437  \n",
       "su    0.223244 -0.131776  0.219450 -0.224775 -0.239189  0.184893 -0.237448  \n",
       "bgr   0.114875 -0.267848  0.066966 -0.306189 -0.301385  0.150015 -0.281541  \n",
       "bu    0.586368 -0.323054  0.357049 -0.610360 -0.607621  0.050462 -0.579087  \n",
       "sc    1.000000 -0.690158  0.326107 -0.401670 -0.404193 -0.006390 -0.400852  \n",
       "sod  -0.690158  1.000000  0.097887  0.365183  0.376914  0.007277  0.344873  \n",
       "pot   0.326107  0.097887  1.000000 -0.133746 -0.163182 -0.105576 -0.158309  \n",
       "hemo -0.401670  0.365183 -0.133746  1.000000  0.895382 -0.169413  0.798880  \n",
       "pcv  -0.404193  0.376914 -0.163182  0.895382  1.000000 -0.197022  0.791625  \n",
       "wbcc -0.006390  0.007277 -0.105576 -0.169413 -0.197022  1.000000 -0.158163  \n",
       "rbcc -0.400852  0.344873 -0.158309  0.798880  0.791625 -0.158163  1.000000  "
      ]
     },
     "execution_count": 8,
     "metadata": {},
     "output_type": "execute_result"
    }
   ],
   "source": [
    "df.corr()"
   ]
  },
  {
   "cell_type": "code",
   "execution_count": 9,
   "metadata": {},
   "outputs": [
    {
     "data": {
      "text/plain": [
       "ckd       250\n",
       "notckd    150\n",
       "Name: class, dtype: int64"
      ]
     },
     "execution_count": 9,
     "metadata": {},
     "output_type": "execute_result"
    }
   ],
   "source": [
    "# Let's find out how many of each class are\n",
    "\n",
    "df['class'].value_counts()\n",
    "# from below output we ca draw our inference that this is close to \"imbalanced dataset\""
   ]
  },
  {
   "cell_type": "code",
   "execution_count": 10,
   "metadata": {},
   "outputs": [
    {
     "name": "stdout",
     "output_type": "stream",
     "text": [
      "Percentage of Patients Haven't Heart Disease: 0.00%\n",
      "Percentage of Patients Have Heart Disease: 0.00%\n"
     ]
    }
   ],
   "source": [
    "#Representation of Target variable in Percentage\n",
    "\n",
    "countNoDisease = len(df[df['class'] == 0])\n",
    "countHaveDisease = len(df[df['class'] == 1])\n",
    "print(\"Percentage of Patients Haven't Heart Disease: {:.2f}%\".format((countNoDisease / (len(df['class']))*100)))\n",
    "print(\"Percentage of Patients Have Heart Disease: {:.2f}%\".format((countHaveDisease / (len(df['class']))*100)))"
   ]
  },
  {
   "cell_type": "code",
   "execution_count": 11,
   "metadata": {},
   "outputs": [
    {
     "data": {
